#	h	b	tw	tf	r	u	A	P	Iy	Wy	Wpl,y	iy	Iz	Wz	Wpl,z	iz
#	mm	mm	mm	mm	mm	mm	cm2	kg/m	cm4	cm3	cm3	cm	cm4	cm3	cm3	cm
IPE-80	80	46	3.8	5.2	5	328	7.64	6	80.1	20	23.2	3.24	8.49	3.69	5.82	1.05
IPE-100	100	55	4.1	5.7	7	400	10.3	8.1	171	34.2	39.4	4.07	15.9	5.79	9.15	1.24
IPE-120	120	64	4.4	6.3	7	475	13.2	10.4	318	53	60.8	4.9	27.7	8.65	13.58	1.45
IPE-140	140	73	4.7	6.9	7	551	16.4	12.9	541	77.3	88.4	5.74	44.9	12.3	19.25	1.65
IPE-160	160	82	5	7.4	9	623	20.1	15.8	869	109	123.8	6.58	68.3	16.7	26.1	1.84
IPE-180	180	91	5.3	8	9	698	23.9	18.8	1320	146	166.4	7.42	101	22.2	34.6	2.05
IPE-200	200	100	5.6	8.5	12	768	28.5	22.4	1940	194	220	8.26	142	28.5	44.61	2.24
IPE-220	220	110	5.9	9.2	12	848	33.4	26.2	2770	252	286	9.11	205	37.3	58.11	2.48
IPE-240	240	120	6.2	9.8	15	922	39.1	30.7	3890	324	366	9.97	284	47.3	73.92	2.69
IPE-270	270	135	6.6	10.2	15	1041	45.9	36.1	5790	429	484	11.2	420	62.2	96.95	3.02
IPE-300	300	150	7.1	10.7	15	1160	53.8	42.2	8360	557	628	12.5	604	80.5	125.2	3.35
IPE-330	330	160	7.5	11.5	18	1254	62.6	49.1	11770	713	804	13.7	788	98.5	153.7	3.55
IPE-360	360	170	8	12.7	18	1353	72.7	57.1	16270	904	1020	15	1040	123	191.1	3.79
IPE-400	400	180	8.6	13.5	21	1467	84.5	66.3	23130	1160	1308	16.5	1320	146	229	3.95
IPE-450	450	190	9.4	14.6	21	1605	98.8	77.6	33740	1500	1702	18.5	1680	176	276.4	4.12
IPE-500	500	200	10.2	16	21	1744	116	90.7	48200	1930	2200	20.4	2140	214	335.9	4.31
IPE-550	550	210	11.1	17.2	24	1877	134	106	67120	2440	2780	22.3	2670	254	400.5	4.45
IPE-600	600	220	12	19	24	2015	156	122	92080	3070	3520	24.3	3390	308	485.6	4.66
IPN-80	80	42	3.9	5.9	2.3	316	7.57	5.94	77.8	19.5	22.8	3.2	6.29	3	5	0.91
IPN-100	100	50	4.5	6.8	2.7	386	10.6	8.34	171	34.2	39.8	4.01	12.2	4.88	8.1	1.07
IPN-120	120	58	5.1	7.7	3.1	456	14.2	11.1	328	54.7	63.6	4.81	21.5	7.41	12.4	1.23
IPN-140	140	66	5.7	8.6	3.4	527	18.2	14.3	573	81.9	95.4	5.61	35.2	10.7	17.9	1.4
IPN-160	160	74	6.3	9.5	3.8	597	22.8	17.9	935	117	136	6.4	54.7	14.8	24.9	1.55
IPN-180	180	82	6.9	10.4	4.1	667	27.9	21.9	1450	161	186.8	7.2	81.3	19.8	33.2	1.71
IPN-200	200	90	7.5	11.3	4.5	737	33.4	26.2	2140	214	250	8	117	26	43.5	1.87
IPN-220	220	98	8.1	12.2	4.9	807	39.5	31.1	3060	278	324	8.8	162	33.1	55.7	2.02
IPN-240	240	106	8.7	13.1	5.2	878	46.1	36.2	4250	354	412	9.59	221	41.7	70	2.2
IPN-260	260	113	9.4	14.1	5.6	944	53.3	41.9	5740	442	514	10.4	288	51	85.9	2.32
IPN-280	280	119	10.1	15.2	6.1	1005	61	47.9	7590	542	632	11.1	364	61.2	103	2.45
IPN-300	300	125	10.8	16.2	6.5	1067	69	54.2	9800	653	762	11.9	451	72.2	121	2.56
IPN-320	320	131	11.5	17.3	6.9	1129	77.7	61	12510	782	914	12.7	555	84.7	143	2.67
IPN-340	340	137	12.2	18.3	7.3	1191	86.7	68	15700	923	1080	13.5	674	98.4	166	2.8
IPN-360	360	143	13	19.5	7.8	1253	97	76.1	19610	1090	1276	14.2	818	114	194	2.9
IPN-380	380	149	13.7	20.5	8.2	1315	107	84	24010	1260	1482	15	975	131	221	3.02
IPN-400	400	155	14.4	21.6	8.6	1376	118	92.4	29210	1460	1714	15.7	1160	149	253	3.13
IPN-450	450	170	16.2	24.3	9.7	1531	147	115	45850	2040	2400	17.7	1730	203	345	3.43
IPN-500	500	185	18	27	10.8	1685	179	141	68740	2750	3240	19.6	2480	268	456	3.72
IPN-550	550	200	19	30	11.9	1842	212	166	99180	3610	4240	21.6	3490	349	592	4.02
IPN-600	600	215	21.6	32.4	13	1994	254	199	139000	4630	5460	23.4	4670	434	735	4.3
HEB-100	100	100	6	10	12	567	26	20.4	450	90	104.2	4.16	167	33	51.42	2.53
HEB-120	120	120	6.5	11	12	686	34	26.7	864	144	165.2	5.04	318	53	80.97	3.06
HEB-140	140	140	7	12	12	805	43	33.7	1509	216	246	5.93	550	79	119.8	3.58
HEB-160	160	160	8	13	15	918	54.3	42.6	2492	311	354	6.78	889	111	170	4.05
HEB-180	180	180	8.5	14	15	1037	65.3	51.2	3831	426	482	7.66	1363	151	231	4.57
HEB-200	200	200	9	15	18	1151	78.1	61.3	5696	570	642	8.54	2003	200	305.8	5.07
HEB-220	220	220	9.5	16	18	1270	91	71.5	8091	736	828	9.43	2843	258	393.9	5.59
HEB-240	240	240	10	17	21	1384	106	83.2	11259	938	1054	10.3	3923	327	498.4	6.08
HEB-260	260	260	10	17.5	24	1499	118.4	93	14919	1150	1282	11.2	5135	395	602.2	6.58
HEB-280	280	280	10.5	18	24	1618	131.4	103	19270	1380	1534	12.1	6595	471	717.6	7.09
HEB-300	300	300	11	19	27	1732	149.1	117	25166	1680	1868	13	8563	571	870.1	7.58
HEB-320	320	300	11.5	20.5	27	1771	161.3	127	30823	1930	2140	13.8	9239	616	939.1	7.57
HEB-340	340	300	12	21.5	27	1810	170.9	134	36656	2160	2400	14.6	9690	646	985.7	7.53
HEB-360	360	300	12.5	22.5	27	1849	180.6	142	43193	2400	2680	15.5	10140	676	1032	7.49
HEB-400	400	300	13.5	24	27	1927	197.8	155	57680	2880	3240	17.1	10819	721	1104	7.4
HEB-450	450	300	14	26	27	2026	218	171	79887	3550	3980	19.1	11721	781	1198	7.33
HEB-500	500	300	14.5	28	27	2125	238.6	187	107176	4290	4820	21.2	12624	842	1292	7.27
HEB-550	550	300	15	29	27	2224	254.1	199	136691	4970	5600	23.2	13077	872	1341	7.17
HEB-600	600	300	15.5	30	27	2323	270	212	171041	5700	6420	25.2	13530	902	1391	7.08
HEA-100	96	100	5	8	12	561	21.2	16.7	349	72.8	83	4.06	134	26.8	41.44	2.51
HEA-120	114	120	5	8	12	677	25.3	19.9	606	106	119.4	4.89	231	38.5	58.85	3.02
HEA-140	133	140	5.5	8.5	12	794	31.4	24.7	1030	155	173.4	5.73	389	55.6	84.85	3.52
HEA-160	152	160	6	9	15	906	38.8	30.4	1670	220	246	6.57	616	76.9	117.6	3.98
HEA-180	171	180	6	9.5	15	1024	45.3	35.5	2510	294	324	7.45	925	103	156.5	4.52
HEA-200	190	200	6.5	10	18	1136	53.8	42.3	3690	389	430	8.28	1340	134	203.8	4.98
HEA-220	210	220	7	11	18	1255	64.3	50.5	5410	515	568	9.17	1950	178	270.6	5.51
HEA-240	230	240	7.5	12	21	1369	76.8	60.3	7760	675	744	10.11	2770	231	351.7	6
HEA-260	250	260	7.5	12.5	24	1484	86.8	68.2	10450	836	920	11	3670	282	430.2	6.5
HEA-280	270	280	8	13	24	1603	97.3	76.4	13670	1010	1112	11.9	4760	340	518.1	7
HEA-300	290	300	8.5	14	27	1717	112.5	88.3	18260	1260	1384	12.7	6310	421	641.2	7.47
HEA-320	310	300	9	15.5	27	1756	124.4	97.6	22930	1480	1628	13.6	6990	466	709.7	7.51
HEA-340	330	300	9.5	16.5	27	1795	133.5	105	27690	1680	1850	14.4	7440	496	755.9	7.46
HEA-360	350	300	10	17.5	27	1834	142.8	112	33090	1890	2080	15.2	7890	526	802.3	7.43
HEA-400	390	300	11	19	27	1912	159	125	45070	2310	2560	16.8	8560	571	872.9	7.34
HEA-450	440	300	11.5	21	27	2011	178	140	63720	2900	3220	18.9	9470	631	965.6	7.29
HEA-500	490	300	12	23	27	2110	197.5	155	86970	3550	3940	21	10370	691	1059	7.24
HEA-550	540	300	12.5	24	27	2209	211.8	166	111900	4150	4620	23	10820	721	1107	7.15
HEA-600	590	300	13	25	27	2308	226.5	178	141200	4790	5360	25	11270	751	1156	7.05
HEM-100	120	106	12	20	12	619	53.24	41.8	1143	190.4	235.8	4.63	399.2	75.31	116.3	2.74
HEM-120	140	126	12.5	21	12	738	66.41	52.1	2018	288.2	350.6	5.51	702.8	111.6	171.6	3.25
HEM-140	160	146	13	22	12	857	80.56	63.2	3291	411.4	493.8	6.39	1144	156.8	240.5	3.77
HEM-160	180	166	14	23	15	970	97.05	76.2	5098	566.5	674.6	7.25	1759	211.9	325.5	4.26
HEM-180	200	186	14.5	24	15	1089	113.3	88.9	7483	748.3	883.4	8.13	2580	277.4	425.2	4.77
HEM-200	220	206	15	25	18	1203	131.3	103	10640	967.4	1135	9	3651	354.5	543.2	5.27
HEM-220	240	226	15.5	26	18	1322	149.4	117	14600	1217	1419	9.89	5012	443.5	678.6	5.79
HEM-240	270	248	18	32	21	1460	199.6	157	24290	1799	2117	11.03	8153	657.5	1006	6.39
HEM-260	290	268	18	32.5	24	1575	219.6	172	31310	2159	2524	11.94	10450	779.7	1192	6.9
HEM-280	310	288	18.5	33	24	1694	240.2	189	39550	2551	2966	12.83	13160	914.1	1397	7.4
HEM-300	340	310	21	39	27	1832	303.1	238	59200	3482	4078	13.98	19400	1252	1913	8
HEM-320	359	309	21	40	27	1866	312	245	68130	3796	4435	14.78	19710	1276	1951	7.95
HEM-340	377	309	21	40	27	1902	315.8	248	76370	4052	4718	15.55	19710	1276	1953	7.9
HEM-360	395	308	21	40	27	1934	318.8	250	84870	4297	4989	16.32	19520	1268	1942	7.83
HEM-400	432	307	21	40	27	2004	325.8	256	104100	4820	5571	17.88	19340	1260	1934	7.7
HEM-450	478	307	21	40	27	2096	335.4	263	131500	5501	6331	19.8	19340	1260	1939	7.59
HEM-500	524	306	21	40	27	2184	344.3	270	161900	6180	7094	21.69	19150	1252	1932	7.46
HEM-550	572	306	21	40	27	2280	354.4	278	198000	6923	7933	23.64	19160	1252	1937	7.35
HEM-600	620	305	21	40	27	2372	363.7	285	237400	7660	8772	25.55	18980	1244	1930	7.22
UPN-80	80	45	6	8	4	312	11	8.64	106	26.5	31.8	3.1	19.4	6.36	12.1	1.33
UPN-100	100	50	6	8.5	4.5	372	13.5	10.6	206	41.2	49	3.91	29.3	8.49	16.2	1.47
UPN-120	120	55	7	9	4.5	434	17	13.4	364	60.7	72.6	4.62	43.2	11.1	21.2	1.59
UPN-140	140	60	7	10	5	489	20.4	16	605	86.4	102.8	5.45	62.7	14.8	28.3	1.75
UPN-160	160	65	7.5	10.5	5.5	546	24	18.8	925	116	137.6	6.21	85.3	18.3	35.2	1.89
UPN-180	180	70	8	11	5.5	611	28	22	1350	150	179.2	6.95	114	22.4	42.9	2.02
UPN-200	200	75	8.5	11.5	6	661	32.2	25.3	1910	191	228	7.7	148	27	51.8	2.14
UPN-220	220	80	9	12.5	6.5	718	37.4	29.4	2690	245	292	8.48	197	33.6	64.1	2.3
UPN-240	240	85	9.5	13	6.5	775	42.3	33.2	3600	300	358	9.22	248	39.6	75.7	2.42
UPN-260	260	90	10	14	7	834	48.3	37.9	4820	371	442	9.99	317	47.7	91.6	2.56
UPN-280	280	95	10	15	7.5	890	53.3	41.8	6280	448	532	10.9	399	57.2	109	2.74
UPN-300	300	100	10	16	8	950	58.8	46.2	8030	535	632	11.7	495	67.8	130	2.9
UPN-320	320	100	14	17.5	8.75	982	75.8	59.5	10870	679	826	12.1	597	80.6	152	2.81
UPN-350	350	100	14	16	8	1050	77.3	60.6	12840	734	918	12.9	570	75	143	2.72
UPN-380	380	102	13.5	16	8	1110	80.4	63.1	15760	829	1014	14	615	78.7	148	2.77
UPN-400	400	110	14	18	9	1180	91.5	71.8	20350	1020	1236	14.9	846	102	190	3.04